spawns:
  default:
    world: 86b634d9-bd28-4af2-9a8f-8debc2c52b3f
    world-name: thebridge_world
    x: 197.5698666741163
    y: 116.0
    z: -31.32813920606222
    yaw: 90.6866455078125
    pitch: -5.839339256286621
