spawns:
  default:
    world: 86b634d9-bd28-4af2-9a8f-8debc2c52b3f
    world-name: thebridge_world
    x: 197.5814848314068
    y: 116.0
    z: -31.30237228744179
    yaw: 91.58680725097656
    pitch: 4.360642910003662
