world: 7800b6dc-405f-4ee6-a118-135104789059
world-name: arenas_world
x: 282.8319794506669
y: 24.0
z: -519.3138653404985
yaw: 89.8336181640625
pitch: -5.265443801879883
name: fifth
lastowner: f0e7f028-4955-4dc8-8e40-d334ef0bd19a
