world: 7800b6dc-405f-4ee6-a118-135104789059
world-name: arenas_world
x: 272.95992981033373
y: 100.0
z: 1608.7133954191215
yaw: 90.1356201171875
pitch: 6.584996223449707
name: first
lastowner: f0e7f028-4955-4dc8-8e40-d334ef0bd19a
