world: 3e4faffc-af63-441c-8ec4-134288379b87
world-name: TB-Forest
x: 0.4444374609572407
y: 100.0
z: 0.5046969966795736
yaw: -2.099761962890625
pitch: 0.0
name: FOREST
lastowner: f0e7f028-4955-4dc8-8e40-d334ef0bd19a
