world: 7800b6dc-405f-4ee6-a118-135104789059
world-name: arenas_world
x: -582.1118765620633
y: 77.0
z: 1511.0441654887352
yaw: 264.436767578125
pitch: 10.499771118164062
name: fourth
lastowner: f0e7f028-4955-4dc8-8e40-d334ef0bd19a
