world: 7800b6dc-405f-4ee6-a118-135104789059
world-name: arenas_world
x: 192.82659595225806
y: 75.0
z: 2504.8721259332456
yaw: 269.8391418457031
pitch: 0.8525257110595703
name: second
lastowner: f0e7f028-4955-4dc8-8e40-d334ef0bd19a
