world: 86b634d9-bd28-4af2-9a8f-8debc2c52b3f
world-name: thebridge_world
x: 197.5
y: 116.0
z: -31.5
yaw: 90.6866455078125
pitch: -5.839339256286621
name: SPAWN
lastowner: f0e7f028-4955-4dc8-8e40-d334ef0bd19a
