world: 7800b6dc-405f-4ee6-a118-135104789059
world-name: arenas_world
x: 1228.5788857214156
y: 23.0
z: 1510.601945210325
yaw: -90.761474609375
pitch: 2.9583675861358643
name: third
lastowner: f0e7f028-4955-4dc8-8e40-d334ef0bd19a
